626.011719 36.996094
41.988281 39.972656
114.003906 104.039062
664.000000 123.992188
238.027344 152.007812
294.015625 168.996094
601.011719 205.996094
438.992188 234.988281
233.000000 248.000000
627.992188 280.019531
769.007812 290.992188
613.019531 293.992188
801.007812 305.996094
109.000000 376.992188
723.996094 441.996094
757.000000 479.984375
1020.992188 500.992188
90.007812 574.988281
99.000000 613.988281
859.027344 652.992188
55.984375 686.988281
212.996094 742.996094
702.007812 768.003906
990.000000 790.996094
787.011719 835.003906
137.007812 1006.000000
